
Matice tuhosti pro [0,0], [3,0], [2,2]
lambda = 0.5
mu = 0.3
K_T:

[[ 3.91666667e-01  1.33333333e-01  1.05555556e-01 -3.88888889e-02
   2.50000000e-02  8.33333333e-02  1.20944921e-14  4.14251966e-15
  -1.00000000e-01 -3.33333333e-01 -4.22222222e-01  1.55555556e-01]
 [ 1.33333333e-01  1.91666667e-01 -5.55555556e-03 -2.77777778e-02
   5.00000000e-02  9.16666667e-02  4.12864187e-15  5.94663208e-15
  -2.00000000e-01 -3.66666667e-01  2.22222222e-02  1.11111111e-01]
 [ 1.05555556e-01 -5.55555556e-03  4.66666667e-01 -2.66666667e-01
   5.00000000e-02 -8.33333333e-02 -2.00000000e-01  3.33333333e-01
  -7.20049020e-14  3.29007654e-14 -4.22222222e-01  2.22222222e-02]
 [-3.88888889e-02 -2.77777778e-02 -2.66666667e-01  4.66666667e-01
  -5.00000000e-02  1.83333333e-01  2.00000000e-01 -7.33333333e-01
   3.79279941e-14 -5.19029264e-14  1.55555556e-01  1.11111111e-01]
 [ 2.50000000e-02  5.00000000e-02  5.00000000e-02 -5.00000000e-02
   2.25000000e-01  0.00000000e+00 -2.00000000e-01  2.00000000e-01
  -1.00000000e-01 -2.00000000e-01 -3.08121584e-14 -7.55742691e-15]
 [ 8.33333333e-02  9.16666667e-02 -8.33333333e-02  1.83333333e-01
   0.00000000e+00  8.25000000e-01  3.33333333e-01 -7.33333333e-01
  -3.33333333e-01 -3.66666667e-01 -1.25829902e-14 -1.12979071e-13]
 [ 1.21083699e-14  4.11823353e-15 -2.00000000e-01  2.00000000e-01
  -2.00000000e-01  3.33333333e-01  1.44444444e+00 -1.77777778e-01
  -8.44444444e-01  1.77777778e-01 -2.00000000e-01 -5.33333333e-01]
 [ 4.14251966e-15  5.96397931e-15  3.33333333e-01 -7.33333333e-01
   2.00000000e-01 -7.33333333e-01 -1.77777778e-01  1.97777778e+00
   1.77777778e-01  2.22222222e-01 -5.33333333e-01 -7.33333333e-01]
 [-1.00000000e-01 -2.00000000e-01 -7.20049020e-14  3.79279941e-14
  -1.00000000e-01 -3.33333333e-01 -8.44444444e-01  1.77777778e-01
   1.44444444e+00 -1.77777778e-01 -4.00000000e-01  5.33333333e-01]
 [-3.33333333e-01 -3.66666667e-01  3.28972960e-14 -5.19029264e-14
  -2.00000000e-01 -3.66666667e-01  1.77777778e-01  2.22222222e-01
  -1.77777778e-01  1.97777778e+00  5.33333333e-01 -1.46666667e+00]
 [-4.22222222e-01  2.22222222e-02 -4.22222222e-01  1.55555556e-01
  -3.08190973e-14 -1.25829902e-14 -2.00000000e-01 -5.33333333e-01
  -4.00000000e-01  5.33333333e-01  1.44444444e+00 -1.77777778e-01]
 [ 1.55555556e-01  1.11111111e-01  2.22222222e-02  1.11111111e-01
  -7.55048801e-15 -1.12992948e-13 -5.33333333e-01 -7.33333333e-01
   5.33333333e-01 -1.46666667e+00 -1.77777778e-01  1.97777778e+00]]