Matice tuhosti pro [0,0], [4,0], [1,2]
lambda = 0.5
mu = 0.3
K_T:

[[ 4.43750000e-01  3.00000000e-01  7.29166667e-02  1.66666667e-02
   7.50000000e-02  8.33333333e-02  1.37181932e-14  9.25995391e-15
  -3.00000000e-01 -3.33333333e-01 -2.91666667e-01 -6.66666667e-02]
 [ 3.00000000e-01  6.93750000e-01  5.00000000e-02 -4.37500000e-02
   5.00000000e-02  2.75000000e-01  9.27036226e-15  2.14966933e-14
  -2.00000000e-01 -1.10000000e+00 -2.00000000e-01  1.75000000e-01]
 [ 7.29166667e-02  5.00000000e-02  2.93750000e-01 -1.00000000e-01
   2.50000000e-02 -8.33333333e-02 -1.00000000e-01  3.33333333e-01
  -4.63136474e-14  4.48946436e-15 -2.91666667e-01 -2.00000000e-01]
 [ 1.66666667e-02 -4.37500000e-02 -1.00000000e-01  1.43750000e-01
  -5.00000000e-02  9.16666667e-02  2.00000000e-01 -3.66666667e-01
   9.52363188e-15 -1.07136522e-14 -6.66666667e-02  1.75000000e-01]
 [ 7.50000000e-02  5.00000000e-02  2.50000000e-02 -5.00000000e-02
   3.00000000e-01  0.00000000e+00 -1.00000000e-01  2.00000000e-01
  -3.00000000e-01 -2.00000000e-01 -4.73614203e-14 -7.54354912e-15]
 [ 8.33333333e-02  2.75000000e-01 -8.33333333e-02  9.16666667e-02
   0.00000000e+00  1.10000000e+00  3.33333333e-01 -3.66666667e-01
  -3.33333333e-01 -1.10000000e+00 -1.25829902e-14 -1.73722148e-13]
 [ 1.37390099e-14  9.27036226e-15 -1.00000000e-01  2.00000000e-01
  -1.00000000e-01  3.33333333e-01  1.38333333e+00  2.66666667e-01
  -5.83333333e-01 -2.66666667e-01 -6.00000000e-01 -5.33333333e-01]
 [ 9.25995391e-15  2.14689377e-14  3.33333333e-01 -3.66666667e-01
   2.00000000e-01 -3.66666667e-01  2.66666667e-01  2.58333333e+00
  -2.66666667e-01  3.50000000e-01 -5.33333333e-01 -2.20000000e+00]
 [-3.00000000e-01 -2.00000000e-01 -4.63101779e-14  9.52016244e-15
  -3.00000000e-01 -3.33333333e-01 -5.83333333e-01 -2.66666667e-01
   1.38333333e+00  2.66666667e-01 -2.00000000e-01  5.33333333e-01]
 [-3.33333333e-01 -1.10000000e+00  4.48946436e-15 -1.07067133e-14
  -2.00000000e-01 -1.10000000e+00 -2.66666667e-01  3.50000000e-01
   2.66666667e-01  2.58333333e+00  5.33333333e-01 -7.33333333e-01]
 [-2.91666667e-01 -2.00000000e-01 -2.91666667e-01 -6.66666667e-02
  -4.73648898e-14 -1.25829902e-14 -6.00000000e-01 -5.33333333e-01
  -2.00000000e-01  5.33333333e-01  1.38333333e+00  2.66666667e-01]
 [-6.66666667e-02  1.75000000e-01 -2.00000000e-01  1.75000000e-01
  -7.55395746e-15 -1.73638881e-13 -5.33333333e-01 -2.20000000e+00
   5.33333333e-01 -7.33333333e-01  2.66666667e-01  2.58333333e+00]]